N = 10
{'success': True, 'solution': [9, 3, 1, 7, 2, 8, 6, 4, 0, 5], 'generation': 73, 'time_taken': 0.0379}

N = 30
{'success': False, 'solution': [14, 1, 19, 28, 0, 17, 3, 18, 7, 22, 2, 15, 5, 21, 24, 4, 25, 20, 9, 13, 27, 23, 8, 29, 11, 26, 16, 6, 12, 10], 'conflicts': 1, 'time_taken': 9.7756}

N = 50
{'success': False, 'solution': [4, 1, 39, 11, 13, 35, 5, 24, 48, 23, 16, 38, 27, 44, 2, 0, 14, 18, 34, 0, 42, 12, 47, 30, 20, 36, 46, 7, 10, 21, 25, 33, 45, 43, 9, 28, 6, 49, 41, 29, 26, 19, 3, 8, 15, 22, 40, 31, 17, 32], 'conflicts': 2, 'time_taken': 26.2654}

N = 100
{'success': False, 'solution': [42, 16, 37, 97, 48, 93, 39, 17, 7, 98, 66, 86, 31, 47, 34, 32, 83, 41, 72, 57, 90, 28, 79, 59, 85, 5, 55, 98, 65, 4, 7, 49, 60, 54, 50, 24, 68, 29, 89, 80, 35, 93, 9, 92, 58, 46, 19, 74, 2, 4, 44, 22, 11, 3, 23, 94, 18, 0, 62, 71, 43, 8, 6, 51, 73, 76, 52, 5, 82, 84, 26, 12, 54, 95, 70, 56, 40, 1, 87, 36, 33, 81, 75, 53, 45, 88, 91, 61, 96, 67, 77, 20, 14, 78, 30, 63, 21, 25, 10, 13], 'conflicts': 10, 'time_taken': 205.921}