N = 10
{'success': True, 'solution': [3, 0, 9, 1, 8, 0, 2, 0, 8, 6], 'steps': 4, 'restarts': 0, 'time_taken': 0.0006}

N = 30
{'success': True, 'solution': [11, 3, 15, 0, 10, 14, 2, 0, 26, 16, 0, 5, 16, 25, 6, 25, 11, 1, 4, 2, 9, 24, 1, 3, 9, 24, 24, 4, 15, 29], 'steps': 12, 'restarts': 0, 'time_taken': 0.0453}

N = 50
{'success': True, 'solution': [0, 2, 0, 32, 26, 13, 13, 0, 4, 8, 0, 22, 37, 0, 23, 36, 0, 22, 49, 10, 5, 48, 5, 39, 44, 35, 32, 13, 8, 2, 48, 3, 0, 14, 47, 10, 18, 16, 33, 2, 4, 38, 46, 0, 4, 48, 0, 3, 13, 25], 'steps': 18, 'restarts': 0, 'time_taken': 0.3043}

N = 100
{'success': True, 'solution': [11, 4, 18, 97, 68, 46, 2, 22, 36, 3, 0, 2, 99, 48, 92, 32, 1, 70, 13, 0, 2, 28, 82, 16, 1, 35, 52, 99, 47, 59, 75, 2, 6, 8, 2, 2, 49, 3, 8881,81881, 47, 28, 87, 14, 0, 4, 7, 7, 12, 2, 22, 48, 50, 89, 2, 0, 35, 90, 95, 0, 43, 43, 1, 18, 0, 76, 1, 84, 22, 16, 92, 0, 80, 23, 1, 33, 1, 40, 56, 79, 93, 11, 57, 86, 0, 90, 8, 13, 56, 88, 28, 2, 34, 50, 71, 91, 97, 25, 0, 90, 31], 'steps': 37, 'restarts': 0, 'time_taken': 4.9238}

N = 200
{'success': True, 
'solution': [0, 182, 46, 7, 89, 10, 192, 0, 48, 144, 22, 2, 148, 5, 178, 102, 0, 158, 50, 6, 1, 19, 134, 0, 124, 1, 120, 180, 0, 89, 150, 98, 52, 2, 4, 85, 1, 10, 24, 24, 144, 2, 97, 6, 6, 0, 141, 74, 54, 62, 102, 0, 5, 1, 1, 90, 10, 108, 47, 53, 1, 25, 101, 31, 95, 154, 174, 2, 8, 117, 3, 42, 2, 4, 193, 0, 155, 1, 5, 29, 0, 33, 0, 2, 118, 139, 2, 0, 169, 0, 0, 86, 0, 38, 95, 2, 0, 9, 24, 8, 0, 0, 92, 1, 137, 134, 20, 115, 155, 1, 33, 8, 138, 2, 92, 197, 72, 139, 40, 136, 14, 174, 188, 125, 195, 53, 2, 0, 2, 88, 17, 1, 1, 170, 2, 110, 1, 198, 154, 1, 198, 124, 25, 142, 102, 12, 171, 161, 84, 0, 195, 10, 90, 2, 120, 9, 12, 172, 60, 7, 188, 8, 0, 143, 52, 107, 98, 124, 59, 1, 177, 117, 0, 17, 52, 21, 158, 165, 181, 198, 81, 33, 0, 88, 50, 128, 101, 48, 198, 19, 53, 63, 188, 73, 36, 129, 170, 164, 104, 102], 
'steps': 70, 
'restarts': 0, 
'time_taken': 85.5972}